0 0.497409 0.409426 0.302799 0.336338
0 0.673985 0.273398 0.077166 0.088445
0 0.864189 0.361510 0.249958 0.205949
0 0.152300 0.388834 0.283202 0.292087
0 0.623637 0.246813 0.045153 0.047621
0 0.533819 0.222522 0.065557 0.044111
0 0.352487 0.197821 0.045186 0.029769
0 0.338560 0.274565 0.159501 0.100888
0 0.283618 0.210592 0.076421 0.044057
0 0.398013 0.214336 0.048326 0.034047
0 0.087045 0.190237 0.065697 0.027231
0 0.581321 0.233543 0.021198 0.027260
0 0.029958 0.262428 0.058822 0.113649
0 0.141306 0.234356 0.197088 0.070820
0 0.476182 0.206247 0.046509 0.025283
