0 0.819841 0.486864 0.340518 0.317161
0 0.503316 0.446048 0.263793 0.282136
0 0.154493 0.425806 0.312893 0.311096
0 0.058465 0.189523 0.117641 0.102395
0 0.618876 0.213255 0.135392 0.092427
0 0.385044 0.193848 0.147070 0.105697
0 0.204632 0.180665 0.187604 0.102627
0 0.862049 0.237451 0.210451 0.085842
0 0.471493 0.179363 0.052584 0.037374
0 0.555898 0.181521 0.057385 0.041361
0 0.752391 0.199124 0.069529 0.042524
0 0.284003 0.175018 0.047313 0.062272
0 0.960712 0.249364 0.080058 0.071961
0 0.019291 0.375577 0.035192 0.233713
0 0.753202 0.246961 0.053255 0.039741
